0.01401
0.02802
0.0560399
0.11208
0.22416
0.448319
0.896637
0.206726
0.413451
0.826902
0.346197
0.692393
0.615214
0.769572
0.460857
0.921713
0.156574
0.313148
0.626296
0.747407
0.505185
0.98963
0.0207405
0.041481
0.0829619
0.165924
0.331847
0.663694
0.672611
0.654777
0.690446
0.619108
0.761783
0.476434
0.952868
0.0942649
0.18853
0.377059
0.754118
0.491763
0.983525
0.0329494
0.0658988
0.131798
0.263595
0.52719
0.94562
0.108761
0.217521
0.435043
0.870085
0.25983
0.51966
0.96068
0.078639
0.157278
0.314556
0.629111
0.741778
0.516445
0.96711
0.0657797
0.131559
0.263118
0.526237
0.947526
0.104947
0.209894
0.419788
0.839575
0.32085
0.641699
0.716601
0.566797
0.866405
0.26719
0.534379
0.931242
0.137516
0.275032
0.550063
0.899873
0.200254
0.400507
0.801014
0.397972
0.795945
0.408111
0.816221
0.367558
0.735116
0.529768
0.940463
0.119074
0.238147
0.476295
0.952589
0.0948219
0.189644
0.379287
